==> 01-ki-5x7.gt.matrix <==
0101110
1010000
1010011
0101010
1000101

==> 02-ws-5x7.gt.matrix <==
1000111
0111100
0011110
1111000
0101110

==> 03-s-5x18.gt.matrix <==
111011010011110110
101101110111101001
000100100100001001
111011010011110110
000100001100001001

==> 04-ku-6x8.gt.matrix <==
01010010
11101111
00100101
00010010
10101101
00010010

==> 05-kc-7x11.gt.matrix <==
01100010000
10001000001
00000000011
10100100000
00001001000
10010001110
00110110100

==> 06-boc-7x11.gt.matrix <==
11000100000
01000100100
10100010001
00100010000
00110000001
00011000010
00001001010

==> 07-sw-8x12.gt.matrix <==
111100000000
101111100100
001111111000
000001111100
000000111100
000000111010
000000000011
000000000011

==> 08-ch-8x20a.gt.matrix <==
01100001101011011010
00110110000001000101
01000001101011011010
00110110010000000101
10001100010100101000
10001000110100100001
00110110001100000101
00110110000000000101

==> 09-ch-8x20b.gt.matrix <==
10110000110001110110
01110110101000000101
00001111001110011011
00110011110011101111
11100100010110111011
11001011011101110110
00001111001110011011
11111001110011011000

==> 10-mt-10x10.gt.matrix <==
1000000001
0011000100
0000110000
1000000000
0000001001
1000001001
0010000100
0000010010
0111000100
0111000000

==> 11-mi-10x15s.gt.matrix <==
010000000111000
001010010000101
100001001000010
100100001000010
001010010000101
100101001000010
010000100111000
001010010000101
000101001000010
010000100111000

==> 12-as-14x24.gt.matrix <==
00000011000000000000000
00011000000000000000000
00011000000000000000100
01100000000000001011010
01100000000000001001010
10000000011101110000000
01100001000000001001000
10000100010101110000000
00000100010110100000000
00010000000000000000001
00011000000000000000100
00000001100000000000000
00000011100000000100010
00000000011010100000000

==> 13-st-14x24.gt.matrix <==
000001100000000000000000
001100000000000000000000
001100000000000000001000
110000000000000010110010
110000000000000010010010
000000001111011100000100
110000100000000010010000
000010001101011100000100
000010001001101000000000
001000000000000000000001
001100000000000000001001
000000110000000000000000
000001110000000001000010
000000001010101000000000

==> 14-mc-16x24.gt.matrix <==
10111110110001001100110
00000000100000010000110
10011000000000110100000
00000000000000100100000
00000000000000000001000
01100000000101011001000
10000000000000000100001
10100100100100000000110
00000010000000000000001
01000001100010010010111
00000101000010000010001
01100001010010000010001
01000110010000000000000
10011000001010000000001
00001001000000000010000
00000001010010010010001

==> 15-sr-16x30.gt.matrix <==
000110101001000001000100000001
100100000100000101010000000000
100000000000100000000010101110
010100101000000001000100000001
001001010010011000001001010000
000000000000000000000010101010
010100100001000001000100100001
010100101001000001000100000100
000010000000000000100010101100
000001010010011001001001010000
010000101011000001000000000001
010100100001000001110100000000
001000000100100000010000000011
000001010010011010001000001000
000010000000000000000010111011
000001110000011000000001011000

==> 16-ki-16x43.gt.matrix <==
0000000000000000000000000000000000001000010
0100000001000000000000000001000100001101010
0000001000000000100000000000000001110000000
0000100010000100001010100000100000000000000
0000100110000111001010100000100010000000101
1100011100011100101000100000000111001011011
1000000000001000000000001000000000000000000
1110000110110010001110110011001000001100101
0101000001000000010000000001000100001101010
1000000000011000000000001100001000000010000
0010000010000000000100010010010000000000000
0000000000100000000001010010010000000000000
0010000000000000000000010000000000000000000
0100010000000000100000000000000000100000000
0000100000000100001010000000000010000000101
0100001001000000010000000000000100001100010

==> 17-ca-18x24.gt.matrix <==
000000000100100000000010
000000000000000000000010
010010011001001010000000
010011011001001010000100
010110011111001110000011
001010011100001010000011
010011000001000000000000
101100000100000000010011
001000000000000000000001
010000000001000000100000
000000100000010001001000
000001100000110001101100
000000011000010000100100
000000000000000001011000
100000100000101011000000
000100000000000000000000
000100000000000000000000
000000000010000100000000

==> 18-mt-20x20.gt.matrix <==
10000100101010010000
01101011010010101001
00110001001011010100
00000100110000000000
00100000000010100000
00000110000001000000
10000110100001010111
00010100110001100101
00000100100001010010
00000000011010100010
00011000000011100110
00010000001101001100
01000000011010011100
00000000000011001110
00101001100000010000
00001000001001010000
00011010000001110000
10000011000000010000
00000000010001000000
10110001000000000010

==> 19-ku-20x23.gt.matrix <==
10100000011000100000111
00001000000011100000000
11000010001000100100010
10100000000100001000111
10010000011000100000000
11000000010000100000010
00000011100000000000000
10100000000110110000010
01001010010000000110111
01000111100000011000010
00001010000000000000000
11000000011000100101000
10010000010000100101000
10000000000100110000010
10000000000100000110111
00001010000001000101000
00000110000010100110000
10100000010000100000000
10101000000000000000000
00100000000100110000010

==> 20-ca-20x35.gt.matrix <==
10100000000000000001001010001000000
01000010010110000100000100100010000
10101000000000101000000000001010000
01000010000110000000000100100000000
00000001000001010000000000000000010
00000001000001010010010001000000010
10101000000000101001001000000000000
10101000000000101001001010001000000
00000001000001000010010001000000000
00000001000001010010010001000000000
00010100101000000000100000010101001
00010100101000000000100000000000100
01000000000110000000000100000000000
01000010010110000100000100100010000
00010100101000000000100000010100000
00010100101000000000100000010101000
10101000000000101000001010001000000
01000000010110000100000100000010000
00010000101000000000100000010101000
00000001000001000010000001000000000

==> 21-bo-20x35.gt.matrix <==
10000100001001100101001110000101011
01000000010110000110000100000010000
10101000000000100000000000001010000
01000010000110000000000100100000000
00001000000001001000001001000000000
00000001000001000010010010000100000
10101010000100101011011101001111000
10001000100000101001001000000000001
00000001000001000010001000000001001
00000001000001010010010001000000000
00010100101000000000100000000000100
00010100101000000000100000000000100
01000000000110000000000100000000000
01000010010110000100000100100010000
00010100101000000000100000010100000
00010100100100000100000001000101000
10101000000000101001000010000000001
01000010000110000001000100000010000
00010000101000000000100000010101000
00000001000001000010001001000000000

==> 22-ch1-24x40.gt.matrix <==
1000000010000001100000000000000010000000
0000000001001100000001000000000000110000
0100000000110010000000110000001001000000
0000000100000000001010000001000000001110
0000000001001100000001000000000000110000
0001100000000000010000000110010000000000
0010000000000000000000001000000100000000
0001100000000000010000000110010000000000
0000011000000000000100000000100000000001
0000011000000000000100000000100000000001
0000000001001100000001000000000000110000
0001100000000000010000000110010000000000
1000000010000001100000000000000010000000
0010000000000000000000001000000100000000
0001100000000000010000000110010000000000
0000000100000000001010000001000000001110
0000011000000000000100000000100000000001
0001100000000000010000000110010000000000
0000000001001100000001000000000000110000
0100000000110010000000110000001001000000
1000000010000001100000000000000010000000
1000000010000001100000000000000010000000
0010000000000000000000001000000100000000
0010000000000000000000001000000100000000

==> 23-ch2-24x40.gt.matrix <==
1000000010000001100000000000000010000000
0000000001001100000001000000000010000000
0100000000110010000000110000001001000000
0000000100000000001010000001000000000110
0000100001000100000001000000000000110000
0001100000000000010000000110010000000000
0010000000000000000000001000000100000000
0001100000000000010000000110010000000000
0000011000000000000000000000100000000001
0000011000000000000100000100000000000001
0000000001001100000001000000000000110000
0001100000000000010100010010010000000000
1000000010000001100000000000000010000000
0010000000000000000000001000000100000000
0001100000000000010000000110000000001000
0000000100000000001010000000000100001110
0000011000000000000100000000101000000001
0001100000000000010000000110010000000000
0000000001001100000001000000000000110000
0100000000110010000000110000001001000000
1000000011000001000000000000000010000000
1000000010000001100000000000000010000000
0010000000000000000000001000000100000000
0110000000000000000000000000000100000000

==> 24-ch3-24x40.gt.matrix <==
0000000010000001101000000000000010000000
0000000001001100000001000000000010010000
0100000000110010000000110000000001000000
0000000100000000001010000001000000000110
0000100001000100000001000000000000110000
0000100000000000010000000110010000000100
0000000000000000000000001000000100000001
0001100000000000000000000110010000000000
0000011000000000000000000000100010000001
0000011000000000000100000100000000000000
0000000001001000000001000000000000110000
0001100000000000010100010010010000000000
1000000010000001100000000000000010000000
0010000000000101000000001000000000000000
1001100000000000010000000110000000001000
0000000100000000001010000000000100001110
0000001000000000000100000000101000000001
0001100000000000010000000110010000000000
0000000001001100000001000000000000110001
0100000000110010001000110000001001000000
1000000011000001000000000000000010000000
1000000000000001100000000000010010000000
0010000000000000000000001000000100000000
0110000000000000000000000000000100000000

==> 25-ch5-24x40.gt.matrix <==
0000000010000100100000000000000110000000
0000000000001100000001000000000010010000
0100000000010010000000110000000001000000
0000000100100000001010000001000000000100
0000100001010100000001000000000000110000
0000000001000000010000000100010000000100
0000000000000000000000001000000100000001
0001100000000000000000000100010001000010
0000010000000000000000000000100010000011
0000010000000000000100010100000000000000
0000000001001010000001100000000000100000
0001100000000000010101010010000000000000
1000000000010001100000000000000000100000
0010000000000101000000001000000000000000
1001100000000100000000000110000000001000
0000000100000000001010000100000100111000
0000001000000000100100000000101000000000
0001100000100000010000000010010000000000
0000000000001100000000000010000000110001
0100000000110010001000101000001001000000
1010000011000001000000000000000010000000
1000000000000001100000000000010000000000
0010000000001000000000000000000100000000
0110000000000000000000000000000100000000

==> 26-ch6-24x40.gt.matrix <==
0000000010000000101000000000001010000000
0000000000001100000001000000000010010000
0100000000010010000000110000000001000000
0000000100100000000010000001000000000100
0000100001010000000001000000000000110000
0000000001000000010000000100010000000100
0000000000001000000000001001000100000001
0001100000000001000000000100010001000110
0000010000010000000000000000100010000011
0000010010000000000100010100000000000000
0000000001000010000001100000000000000000
0001000000000000010101010010000000000000
1000000000010001100000000000000000100000
0000000000100101000000001000000000000000
1000100000000100000000000110000000001000
0000000100000000001010000100000100001010
0000001000000000100100000000101000000000
0001100000100000010000000010010000000000
0000000010001100000000000010000000110001
0100000000110010001000101000001001000000
1010000011000000000000000000000010000000
1000000000000001000000000000010000000000
0010000000011000000000000000000100000000
0110000000000000000000000000000101000000

==> 27-ch7-24x40.gt.matrix <==
0000000010000000101000000000001010000000
0000000000001100000001000000000010000001
0000000000010010000000110000000001000000
0000000100100000000010000001000000000100
0000110001010000000001000000000000100000
0000000001000000010000000100010000000100
0100000000001000000000001001000100000000
0001100000000001000000000100010001000110
0000010000010000000000000000000010000011
0000010010000000000100010100000000000000
0010000001000010000001100000000000000000
0001000000000000010101010010000000000000
0010000000010001100000000000000000100000
0000000100100101000000001000000000000000
1000100000000100000000000110000000001000
0000000000000000001000000100000100011010
0000001000000000100100000000101000000000
0001100000100000010000000010010000000000
0000000010001100000000000010000000110001
0100000000110010001000001000001000000000
1010000011000000000000000000000010000000
1000001000000001000000000000010000000000
0010000000011000000010000000000100010000
0100000100000000000000000000000101000000

==> 28-mc-27x27.gt.matrix <==
110110110000000001000100000
110100110000100101100100000
001110110000010100100000000
111100000000110100100000000
101010111100000100101100000
000001001100000010010010011
111010111110110100000100000
111010111100000100000000000
000011111100000000000000000
000011111111110000100000000
000000100111000000010000100
000000000111110000100000000
110100100101100100100100000
001100100101010100100000000
000000000000001111001100001
011010110000111111101100000
000101000000001110011010001
100000000000001100000100100
011010000101110100100100000
000001000010000010011001010
000010000000001110011001011
110010100000101101100100000
000001000000000010000010001
000000000000000000011001011
000000000010000001000000101
000001000000000000011001010
000001000000001010001011101

==> 29-ca-28x46.gt.matrix <==
0101001000010000000000000000000000000100000000
0100000000000000000000000000000000000100000000
0000000000001111111111111111111001101000000000
0000000000000110011111111001011000010000000000
0000011000100100111111101001100010000000000000
0000000000001001100010001110101000100000000000
0000000000001000000000000111110000001000000000
1111111110011111110100110100000000000000100001
1101111010001111000000010000010000000011000010
1111100000010011001000000000000000000000000000
1100000000001000000000001000000001000011101110
0000000000000000000000000010000000000011010000
0000000000001000000000010000000000000011111000
1000000000000000000000000000000010000010100100
1110000000000000000000010000000000000000000000
0000000000010000000000000000000000000100000110
0000000001000000000000000000000000000000000110
0000000000000000101110000000000000000000000000
1010110111100000000000000000000000011000000000
0000000111000000000000001000000100010000000000
0000011101100000000000000000000110000000010000
0010000000100000000000000000000100000000000000
0001100000000000000000000000000000000000000000
0000000000000000000001111010000000000000011001
0000000000000000000000000000000001100001000001
0000000000000000100000000000001000000000000000
0000000000000100000001000100000000000000000000
0000000000000000010000000000000000000000000000

==> 30-ku-30x41.gt.matrix <==
00000000010000000000000000000011100000101
00000000001100000100000000000001100000101
00000000000100000000001000000011000000110
00000010000000100000000110010000001000000
00001000000000001000000000000000010100000
00000100000000000000000001000000000000000
00000000000000010000000000100000010100000
10000001100001000000000000001000000000000
00100000000010000000100000000000000000000
01000000000100000001001000000000000000100
00000000010000000000000000000000100000101
00000000001100000110001100000000000000110
00000000000000000100000010000000000001000
00011000000000000100000001000000000010000
00000000000000001000000000000000000010000
00000100000000000000000000010000000000000
00000010000000010000000000100000000100000
00000000000001010000000000100000010000000
10100000000000000000110000000100000000000
10100000000000000000110000000000000000000
00000000010100000000000000000011100000010
00000000010100000000001000000011000000110
01000000000100000000001000000010000000100
00000000000000000000000000000000000001000
00010000000000000000000000000000000000000
00000000000000010000000000100000010100000
00000001000000100000000000000000000000000
00000001000000000000000000001000001000000
10100000100010000000100000000100000000000
10100000000000000000110000000000000000000

==> 31-st-30x50-1.gt.matrix <==
10001101000000000100000000000000000000000000000000
01100000100000001000000000000000000000000000000000
01010101001000000000000000000000000000000000000000
10000010000000000100000000000000000000000000000000
11100010011000000000000000000000000000000000000000
00001000100011110000000000000000000000000000000000
00010000100110000000000000000000000000000000000000
00001010000111110000000000000000000000000000000000
11100100000000001000000000000000000000000000000000
00010110111000000100000000000000000000000000000000
10010010000000000100000000000000000000000000000000
00100011000001110000000000000000000000000000000000
10001100100000001000000000000000000000000000000000
00000000000000000011101011000000000000000000000000
00000000000000000001010110100000000000000000000000
00000000000000000010111001100000000000000000000000
00000000000000000001001110000000000000000000000000
00000000000000000000000000010100010110000000000000
00000000000000000000000000011010110001000000000000
00000000000000000000000000011001001110000000000000
00000000000000000000000000000111100101000000000000
00000000000000000000000000000101011010000000000000
00000000000000000000000000001010101001000000000000
00000000000000000000000000000000000000100101000100
00000000000000000000000000000000000000001100100011
00000000000000000000000000000000000000000010010010
00000000000000000000000000000000000000011001001010
00000000000000000000000000000000000000100010101000
00000000000000000000000000000000000000111000100101
00000000000000000000000000000000000000110101010100

==> 32-st-30x50-2.gt.matrix <==
00000001100000000000100000000000010000000010000000
00000000000000001011000000000000000001000000010000
10010000000000010000000000000000010000100000000010
00000000000000001000010000000001110000000010000000
01100000001000000000000000000000000000000000000000
01000000000000001000010000000000000000100000000100
00000000000000000010000000011100000000001000000000
10010000000000000000000000001000100000000100100000
00000001000000000000110000000000000100001000000010
01100000000000000000001100000000000010100000011000
00000001100000000000001010000000000100001000000000
00000000000000000011001110000000000000000001000000
01100001101000000000000000000000000000010001000000
00000000000000000011000000000011000000000001000100
00000000010100000100000000000000000000010000010001
00000000000000000000100000000011001000100000000000
00001010000100000000000000010100000010000001000001
00001100000000000000000001100000000000000000000000
10000000000000000000100001010100000000000010011001
00001110000100000000000001101000000000000000000000
00001010000001000000000000000000001000100000100000
00000000000010100000000000000000000000000000000000
00000100000000000000100000000010010000100000010000
00000000000010100000000000000000010000001000000000
10010000000000010000000000000000100100010000100000
00000000010010001001000000000010011000000000000000
00000000000010100000000000000000010000000010000000
00000000010001000100000000000000000000010000100000
00000000000000001000001110000000000000000000000000
00000000000000010000000000000000001000100000000000

==> 33-ki-36x90.gt.matrix <==
000000000000000100000000000000000100000010000000010000000000000000000000000010000000000000
000000000000000000000000000000000000000000000000000000000000000000000000000000000000000001
000000001000010000000001000000000000100100010010000000010110000111100010000000001010101010
000100000000000000000010000010000000010000100001100100000000000000001000010000000010010000
000000000000000000000000000000000000000000000000000000000000000000000000000000001000100000
000000000000000000000000000000000010000000000000000000000000000000000000000000000001000000
000000000010000000000000000100000001001010000000000000000000000000000000000000000000000000
000000000000000000000000000000000001000000000000000000000000000000000000001000000000000000
000000000000000000000000000000000000000100000000000000010000000100001000000110000000000000
000000000000000001000000000000000000000000000000000000000000000000000000100000000000000000
000000010000001000001100000001000000000100000000001000010000011100010000100100001000100000
000000000000000000000000000000000000000000000000000000000000000000000000000000100000010000
000000000000000000000000000000000000000000000000000000000000000000000000000000010100000000
000000000000000000000000000000000000000000000000000000100010000010100110000010000000001111
000000000000000000000000000000000000000000000000000000000000000000000000000001001010110100
000000000000000000000000000000000000000000000000000000000010010010000000000000000011010010
000000000000001000001100000000000000000100000000001000010000001100110000100110100000001101
000000000000000000000000010000000000000000000000000000000000000000000000000000000000000000
000000011000001000001100000000000000000100000000001000000000010010010000100110000000000111
010000000000000010000000000000000010000001000001000000100000001000000000000011100001001101
000000010000000000001100000000000000000100000000000100010000000100001000100101100000011111
000000011000001000011100000001001000000000000000000000000000000000000000010000001010100000
000000000000000000000000001000000000000000000000000000000001000000000000000000000000000000
000000010000001000001100000000000000000100000000000000000000000010000000000110110100000011
000000000110000000100000000100000001000010000000100000100000100000000000000000001010100000
011111101010100000100000101010100001100011100100110001100101001001001001001001100001000001
000010000011100000000000000100100001000010000100100001000000100000000001000000000001000000
100000001010100100000000101010101000000010100000000001001001000010001111010000100001010000
000000000000010000000000001000010000000000000010000010101000000001000000000000010100000000
000000011000000000001100000000000000000000001001000100000000000000100110000000101100100000

==> 34-mc-37x53.gt.matrix <==
00000000000000000000000001111111111111100000000000000
00010000001000001101101000000000000000000100000000000
01010100100001011101001011110011101111000000000000001
11101101100001010100000111111111111111110011011111111
00010010001010101111101000000000000000000000000000000
11110100000001011101001000010000100101000000000000000
01000100000001011100000001110111101111000000000000000
11111111111111111111111111111111111111101111111111111
11000000000000000000000111110111101111000010000000100
11101101100100000000000111111111111111110010111111111
11111111111111111111111111111111111111111111111111111
00000000000000000000000000000000000000010000010011000
01010100011011111111101010000000000000001101000000000
11111111111111111111111111111111111111111111111111111
11110111111111111111111110000000000000001111000000000
11000100001001111100000110010000100111000010000000000
11111111111111111111111111111111111111111111111111111
11111111111111111111111111110111101111001111101100101
11111111111111111111111111110111101111001111101100101
11111111111111111111111110000000000000001111100000000
11111111111111111111111111111111111111111111111111111
00000000000000000000000001111111111111100000000000000
11111111111111111111111110000000000000001111111111111
00000000000000000000000001111111111111110000010011001
01000100000001010100000000010000101111000000000000000
11111111111111111111111111111111111111111111111111111
11000000000000000000000111111111111111110010010011101
01000110000001010100000001011111111111110000010011101
01000100000001010100000000010000100101000000000000000
11101101100000000000000111111111011110110010011111011
11111111111111111111111110000000000000011111111111111
10000000000000000000000101111111111111110010010011001
01110110011111111111111101000000000000001101100000000
00010000000000001101001000000000000000000000000000000
01110010011011111111111000000000000000000101100000000
11000000000000000000000110000000000000000000000000000
00010000001000101101101000000000000000001100000000000

==> 35-ch-40x100.gt.matrix <==
0000000001000000010000000000100011001000000100001100011000000000000000000000000000000000000000000000
0000000000000000000000000000000000100000000000100000100000000000000000000000011000100001000010000000
0000000000000000010000000000100011001000100100011100011000000000000000000000000000000000000000000000
0000000100101100000101100000000100000000000000000000000000000000000000000000000000000000000000000000
0000000000000000000000000000000000000000000000000000000000000010010110000000000001011010110101111111
0000000000000000000000000000000000000100010000000010000000000001100001010111000110000110000000000000
0000000001000000010000001000000011001000100100001000011000000000000000000000000000000000000000000000
0000000000000000000000000000000000000001000000000000000000000010010100000000000001011100110100111111
0000000100101100000101100000000100000000000000000000000000000000000000000000000000010000000000000000
0000000000000000000000000000000000100000000000100000100000000000000000000000111000100001000010000000
1111101000000000000010001011000000000000001000010000000000000000000000000000000000000000000000000000
0000000000000000000000000000000000010100000000000111000000000001000001010111000110000110000000001000
1111101000000000000010001001000000000000000000010000000000010000000000000000000000000000000000000000
0000010000000011000000010011000000000010000000000000000000010000000000000000000000000000000000000000
0000000000000000000000000000000000000000000010010000000000000000001000100000000000000000001000000000
0000000000000000000000000000000000100000000000100000000000000000100000000000111000100101000010000000
0000000000000011000010010000000000000000000000000000000000010000000000000000000010000000000000000000
0000000000000000000000000000000000000010000000000000000000000000001000101000000000000000001000000001
0000000000000000000000000000000000000000000000000000000111101100000000001000000000000000000000000010
0000000100101000000101100000000100000000000000000000000000000000000000000000000000000000000000000000
0000000000000000000000000000000000100000000000000000100000000000000000010000111000100001000010000000
0000000000000000000000000000000000000000000000000000000000000000010110000000000001011000110101011111
0000000000000000000000000000000000000000000000000000000000000000000110000000100001011000110101111111
0000000010010000101000000100011000000001001001000000000000000000000000000000000000000000000000000000
0000000000000000000000000000000000000000000000000000000111101100000000100000000000000000000000000000
0000000000000000000000000000000000010100010000000011000000000001100001010111000100000111000000000000
0000000010010000101000000100011000000001101001000000000000000000000000000000000000000000000000000000
0000000000000000000000000000000000000000000001000000000111101100000000000000000010000000000000000000
0000000010010000101000000100011000000001001001000000000000000000000000000000000000000000000000000000
0000000000000100000000000000000000000000000000000000000111101100000000000000000000100000001000000000
0000000000000000000000000000000000000000000000100000100000000000000000000000101000100001000010000000
0000000001000000000000000000100011001000100100001100011000000000000000000000000000000000000000000000
0000000000000000000000000000000000000000000010000000000000000000001000101000000000000000001000000000
0000000000000000000000000000000000000010000010000000000000000000001000101000000000000000001000000000
0000010000000011000000010010000000000000000000000000000000010000000000000000000000000000000000000000
0000000000000000000000000000000000000010000010000000000000000000001000001001000000000000001011000000
0000000000000000000000000000000000000000000000000000000000000010010110000000000001011000110101111111
0000000000000000000000000000000000010100010000000011000000000001100001000101000110000110000000000000
0000000000000000000000000000000000000000000000000000000000000010010010000000000001001000110101110111
0000000000000000000000000000000000010000010000000001000000000001100001010111010110000010000000100000
